27.c


0
0
0
0
0
0
0
0
0
0
0
文員
文員
0
0
0
0
0
0
0
0
0
0
0
0
0
0
0
0
0
0
0
0
0
0
0
0
0
0
0
0

0
0
0
0
0
0
0
0
沒有
0
0
0
0
0
0
0
家庭主婦
0
0
0
0
一樣
0
0
0
0
主婦
0
0
0
0
0
0
媽媽
媽咪
0
0
0
1
0
0
0
0
0
0
0
0
0
0
父親
0
0
母親
0
0
母親
0
母親
0
0
0
0
0
0
0
0
0
0
0
0
0
0
0
父母
0
0
0
0
0
0
0
0
美容師
待應
0
0
0
0
0
0
0
0
0
0
0
0
0
0
0
0
0
0
Dad,mum
0
0
0
0
0
0
母親
0
病
0
0
0
0
0
0
無
0
0
家庭主婦
0
0
IT業
0
0
母親
0
0
0
0
0
0
0
0
0
0
0
0
0
0
0
0
0
0
0
0
爸媽
0
0
0
0
0
0
0
0
0
0
0
0
0
0
0
0
0
0
0
0
0
0
母親
主婦
茶樓主任
0
0
0
0
保險
0
0
母親
0
0
0
0
父母
0
0
0
父母
0
0
父母
0
0
0
0
0
0
父親
0
0
0
家庭主婦
0
0
0
家庭主婦
0
0
0
0
0
0
0
0
0
0
0
0
0
父母
0
0
0
0
0
0
水電
0
0
0
0
0
0
0
父母
0
0
0
0
0
0
0
0
母
0
0
0
0
0
0
0
0
0
0
0
0
0
0
0
0
0
0
0
0
0
0
mami,papa
主婦
0
0
0
0
0
father
0
0
0
0
0
0
0
0
0
0
0
0
0
0
0
0
0
0
0
0
0
嫲
0
0
0
0
0
0
0
0
0
0
0
monther
0
0
0
0
家庭主婦
0
0
0
0
0
0
工廠
父母
0
0
0
0
0
0
0
0
0
0
0
0
0
0
0
0
0
0
0
0
0
0
0
0
0
0
0
0
0
0
0
0
0
0
工人
0
0
0
0
0
母
0
0
0
0
0
0
家庭主婦
母親
0
0
0
0
0
0
精算師
0
0
0
家庭主婦
0
0
0
0
0
0
0
0
0
0
0
0
0
0
0
0
0
0
0
0
0
0
0
0
0
0
0
0
0
0
0
0
0
0
0
0
0
0
0
0
0
0
清楚
0
媽
0
0
0
媽媽
0
0
0
1
0
0
0
0
mum
0
0
0
0
0
0
0
0
0
0
0
0
0
0
0
0
0
0
0
0
0
0
0
0
0
0
老闆娘
0
0
媽
0
0
0
0
0
0
0
Daddy Mummy
0
0
0
0
0
0
0
0
0
0
0
0
0
0
0
0
0
0
0
0
0
0
0
0
0
0
0
0
0
0
0
0
CEO
0
0
退休人員
0
0
0
0
0
0
運輸物業
0
0
0
0
0
0
0
母
父母
0
0
0
0
0
0
0
0
0
無
0
0
0
0
0
0
0
0
0
0
0
0
母
0
0
?
0
0
0
0
0
0
0
母親
0
0
0
IDK
0
0
Grandma
0
0
0
會計
0
媽
0
0
0
0
0
0
0
0
0
0
母親
0
0
0
0
0
0
0
0
0
0
0
0
0
0
0
0
0
0
0
老媽
0
母親
家庭主婦
三行
0
0
parents
0
0
0
No
0
0
0
0
母親
0
0
0
0
0
0
0
0
0
0
0
0
0
0
0
0
0
0
主婦
0
0
家庭主婦
0
0
0
0
parents
0
0
0
0
0
0
0
0
0
父親
0
0
0
0
0
0
0
0
0
0
0
0
0
0
0
0
0
0
0
0
0
0
0
0
0
parents
0
0
0
0
0
0
0
0
0
0
0
0
0
0
0
0
0
0
0
0
0
0
0
0
0
0
0
0
0
0
0
0
0
0
0
退休
0
0
0
母親
0
0
0
0
0
0
0
0
0
0
0
父母
mom
沒有
0
0
0
0
0
0
0
0
0
0
0
0
0
0
0
(母親)家庭主婦
0
mom
0
0
0
parents
0
0
外婆
0
0
0
0
0
0
0
0
0
0
0
0
0
0
父母
0
0
0
0
0
0
文員
0
0
0
0
0
0
0
0
0
0
0
0
0
0
0
0
0
0
0
0
0
0
0
0
 mom
家庭主婦
0
0
0
0
0
0
0
0
0
0
0
0
0
0
0
0
0
0
0
teacher
0
0
0
0
0
0
0
0
0
0
0
0
0
0
0
工程師
mom
0
0
0
0
0
0
0
0
0
0
0
0
0
清潔
0
mom
0
經理
0
0
0
0
0
0
0
家庭主婦
0
0
0
0
0
母親
秘書
0
0
0
0
0
parents
0
0
0
0
0
0
0
0
0
0
0
mom
0
0
0
0
0
0
0
0
0
0
wife
0
0
律師
0
cook
0
0
0
0
mom
0
0
0
0
0
mom
0
0
0
工人
0
0
0
0
0
X
0
0
文員
0
0
0
0
0
0
0
0
0
0
0
0
0
退休
0
0
家庭主婦
0
0
0
0
0
主婦
0
0
0
媽媽
0
0
車場
0
0
0
0
0
0
0
0
0
唔知
主婦
0
0
0
0
0
0
0
0
0
0
0
Housewife/Mother
0
0
0
0
0
0
0
0
0
0
0
0
0
0
0
0
0
0
0
0
0
0
0
0
0
0
0
0
0
0
0
0
0
0
0
工人
0
0
0
0
0
0
0
0
0
OL
0
SALE
MOTHER
0
0
0
講師
0
0
0
0
0
0
0
0
0
0
0
0
CLERK
0
0
0
0
0
0
0
0
0
0
0
校車保母管理人
0
0
0
0
0
0
0
0
0
0
媽媽
0
0
0
0
0
0
0
0
0
0
0
0
0
0
主婦
0
0
MAMA
0
經理
教職人員
0
MOTHER
母親
母親
0
0
0
0
0
0
0
0
0
0
0
0
0
0
0
0
0
0
0
0
0
0
0
0
0
0
0
0
0
0
0
0
0
0
0
0
0
0
0
0
0
主婦
0
0
0
0
主婦
0
0
0
0
0
0
0
0
0
0
0
hotel manager
老師
0
0
郵差
0
0
0
運輸
0
0
0
0
0
0
0
0
0
0
0
0
0
0
0
0
0
0
0
0
0
0
0
0
0
0
0
0
0
0
0
0
0
0
0
0
0
0
0
0
0
0
0
0
0
0
0
0
0
0
0
0
0
0
0
0
0
0
0
0
0
0
0
0
0
0
0
0
0
0
0
0
0
0
0
0
0
0
0
0
0
0
0
0
0
0
0
0
0
0
0
0
0
0
0
0
0
0
0
0
0
0
0
0
0
0
警察
保險
0
0
0
0
主婦
0
0
0
0
0
0
商人
0
0
0
0
0
0
0
0
0
0
0
0
0
0
0
媽
0
0
0
0
0
0
0
0
0
0
0
0
0
0
0
0
0
0
0
0
0
eshop
0
0
0
0
0
0
0
0
0
0
0
0
0
0
0
0
0
0
0
0
agant
0
0
0
0
0
0
0
0
0
0
0
0
0
0
0
0
0
0
0
0
0
0
0
0
0
0
0
0
0
父母
0
0
0
0
0
0
0
0
0
0
0
0
0
文員
0
0
0
0
0
0
0
0
0
0
0
0
0
0
0
0
0
0
0
0
0
0
0
0
0
CLERK
0
0
0
0
0
0
0
CLERK
0
0
0
0
0
0
0
0
0
0
0
0
0
0
0
0
0
0
0
0
0
0
0
0
0
0
0
0
1
0
0
0
0
0
0
0
0
0
0
0
0
0
0
0
0
0
0
0
0
0
0
0
0
0
0
0
0
0
0
0
0
主婦
0
0
0
0
0
0
0
0
0
0
0
0
0
0
0
0
0
0
0
0
0
0
0
0
0
0
0
0
0
0
0
0
0
0
0
0
0
0
0
0
0
0
0
0
0
0
0
0
0
0
0
0
0
0
0
0
0
0
0
0
0
0
0
0
0
0
0
0
0
0
0
1
0
0
0
0
0
0
0
0
0
0
0
0
0
0
0
0
0
0
0
0
0
0
嫲嫲
0
0
0
馬會
0
0
0
0
0
0
0
0
0
餐飲
0
0
0
0
0
0
0
0
0
0
0
0
0
0
0
0
0
0
0
0
0
0
0
0
0
0
0
0
0
0
主婦
0
0
0
0
0
0
0
0
0
0
0
0
0
0
自僱人仕
0
0
0
0
0
0
0
0
0
0
0
0
0
0
0
0
0
0
0
0
0
0
0
0
0
0
0
0
0
0
0
0
0
NURSE
0
0
0
0
二爸爸
0
0
0
主婦
印刷
0
0
0
0
0
0
0
0
0
0
0
0
0
0
0
0
0
0
0
0
0
0
0
0
0
0
0
0
0
0
0
0
0
1
0
0
0
0
0
0
0
0
0
0
0
0
0
0
0
0
0
0
0
0
退休
0
0
0
0
0
0
0
0
0
0
0
0
0
0
0
0
0
0
0
0
0
0
0
0
0
0
0
0
0
0
0
0
0
0
0
0
0
0
0
0
0
0
0
0
0
0
0
0
0
0
0
0
0
0
0
／
／
／
／
無業
／
/
／
／
0
工人
／
沒有
/
/
／
／
0
0
0
工人
文員
/
／
／
／
／
／
/
／
/
／
/
／
／
0
/
／
／
／
/
/
／
0
／
／
/
／
／
/
／
媽媽
／
／
／
／
／
/
/
/
/
／
／
／
/
/
／
／
/
1
／
/
／
／
／
／
/
父母
／
／
／
／
/
人
經營店舖
主婦
／
／
/
／
／
／
／
/
／
／
／
／
／
/
0
Housewife
0
Mum
0
0
0
1
0
0
0
0
0
0
0
0
0
0
0
0
0
0
裝修
0
0
0
0
0
0
0
0
0
0
0
0
0
0
0
0
0
0
0
0
0
0
1
Grandmother
0
0
0
0
0
0
0
0
0
0
0
0
0
0
0
Mummy
0
0
0
0
0
0
0
0
0
0
0
0
0
梁雪蓮
0
0
0
0
0
0
0
0
0
0
Waitress
















